; Ka radar positions — updated 2026-07-08 18:53 UTC
Title: Ka-band Radars
Refresh: 5
Threshold: 999
Color: 233 8 2
Font: 1, 12, 1, "Arial"

; --- KA1 ---
Text: 41.19251, -103.66314, 1, "KA1", "KA1 — updated 2026-07-08 18:53 UTC"

; --- KA2 ---
Text: 41.23084, -103.75985, 1, "KA2", "KA2 — updated 2026-07-08 18:53 UTC"
